11121
11614
11841
15753
15843
16352
16996
17114
18564
18799
20155
20159
23399
23886
24134
27272
28316
28813
33686
34041
34110
35230
37365
41798
42117
42717
43691
45496
4691
49677
5950
15517
15635
17321
20566
21619
271
27152
29322
31177
38154
39375
41577
42038
42672
44148
44386
46024
6206
6504
9884
12402
19940
20280
22370
22387
25426
27957
28166
29099
31803
36896
4064
40975
41451
44605
46201
4818
48258
7302
7459
8011
11325
15831
16391
2293
23592
24807
24815
25486
26940
27079
2717
28418
29771
30508
31409
33080
3383
35464
36031
36685
3719
4135
41625
4276
43515
46703
47836
4897
5435
7458
7840
10998
14684
15663
16677
18082
1877
22039
27781
28276
30070
3064
31179
36175
36360
3689
37906
41148
41980
43043
45655
47972
48056
48529
49421
5111
6289
8400
8425
11815
13171
14025
14740
16406
1984
23165
24202
28716
30851
31561
33026
34878
3668
40220
43951
46705
5147
786
11078
11101
1504
16949
22562
24507
26078
32518
35100
35688
37875
44722
45345
46164
49786
5309
6559
659
7347
7787
8026
10697
10906
10932
12509
1399
14571
16034
1727
19604
21050
24274
28738
28900
29078
30900
32068
32594
33806
34464
34535
35096
36105
36811
37399
376
45279
47018
47573
49461
6205
8398
10254
17743
18042
20051
20087
21718
24744
25969
2616
3769
40187
40981
4567
49260
5166
8157
11578
11740
12656
12821
1433
14540
16945
17097
20513
20868
23977
25149
26495
28565
28643
28713
30085
30196
33360
34759
35889
4224
44275
49403
49538
4964
6175
7030
12530
12968
14918
15174
17833
18932
22322
25531
27943
28519
30580
3114
35395
35651
38092
38676
41344
42573
44655
46712
4786
5189
8346
9100
13919
14501
17741
18448
20002
22013
22653
23346
26037
26385
27995
29357
29555
31183
31415
32182
32994
33602
35477
37317
38037
39895
4283
48648
5920
11679
12363
12503
13978
13980
14263
1511
15670
20389
21014
24578
27042
28575
28641
31575
31873
33503
35171
37287
39118
42808
43072
46874
49547
7891
9773
10397
12086
134
14089
15904
16774
17446
18167
19763
19855
20098
21572
22320
22810
22865
32285
34493
35508
37898
39084
39151
39370
41520
42039
46008
46898
47303
47829
48170
4833
49986
7813
8023
10676
17403
17787
19278
22895
2369
24295
2495
26498
28909
30132
3737
37378
38141
41256
42274
5029
8394
8572
9530
10976
11443
15182
15692
17083
17596
20770
21200
21333
24448
26474
27012
29380
32047
32438
35674
35935
39111
39395
3941
40349
41185
41413
41791
44557
46754
47317
5794
6674
7341
10143
10627
13234
19848
19861
2245
24932
27431
28534
28839
29600
31878
31916
348
35485
37442
39444
40278
40986
43351
46058
47331
5944
7801
8051
901
13314
18612
18883
1959
23022
23273
23802
24323
24366
24647
24817
25306
26596
26860
29619
33325
34207
34767
38506
42103
42410
42475
44920
47356
48563
49189
7288
7460
17821
1976
19870
20200
23020
241
27232
30221
30530
31271
31735
32216
32930
34618
37072
37590
4034
41983
42829
43798
46113
46673
46990
47164
48092
48482
49060
49576
6655
10702
12367
12614
14486
18854
26029
29572
29834
32490
32712
33285
34605
35659
411
41195
43280
47717
48713
49478
49629
49678
5610
6755
7221
7564
7920
821
10551
15050
16275
16855
17259
17703
21211
25747
26590
27196
28337
2839
33343
33515
35259
38805
38941
39919
48693
4949
49853
7167
7769
8163
12167
13192
14524
18229
19806
21229
22870
24221
26076
26697
28090
29747
32408
35229
36404
40329
41057
42944
44542
44904
45772
48389
48959
6230
9332
21153
23427
25235
30786
32079
33855
34545
36573
44407
47863
48396
48763
8556
906
930
11771
11792
12156
16147
1650
16734
17546
17628
18006
21541
2380
2412
27442
28981
29341
30279
30884
32575
37887
39650
44867
46351
46916
48520
5321
5360
12696
15776
16223
17555
20271
21934
22413
22415
22991
23432
24189
2511
26243
26915
27269
322
32520
32684
33571
34222
34360
34573
36170
36358
41472
45711
47038
5095
6576
7103
9527
9692
11726
12848
17421
20208
2166
23967
25141
27608
29698
31532
31902
32309
32942
34019
34436
36413
39763
42873
44547
44715
45651
47963
48911
48957
917
1145
14959
19845
22624
24420
24837
25369
26454
34035
34095
34194
35156
36236
39717
4209
43693
43909
48175
6947
7346
7556
10642
12366
12542
154
1594
16311
19975
22077
23162
23358
24006
26726
27835
29769
30246
30389
34326
34478
39623
48920
49993
5145
7508
8034
8944
10666
13335
1369
15310
16662
19826
20904
21337
23687
24459
26427
28862
30846
31755
32733
3283
35334
38200
38997
45164
5287
6338
7312
7647
8643
12359
15702
16956
19766
20139
24005
2570
26009
27456
27565
28469
28737
31064
3137
33483
33904
35345
4203
42791
44919
45102
455
45579
46398
47415
47886
5650
7283
8855
9486
11563
12969
15458
16090
18221
19545
20838
21513
22468
26003
26267
26779
27535
27828
33183
35913
37626
38084
3985
41985
42456
48956
7211
9197
12465
12761
16706
16883
17368
19295
20388
2065
20698
212
21388
22819
25041
25915
29920
339
36916
39212
42430
45715
46379
47780
12004
12277
13435
13457
13858
15056
18188
22326
24770
2567
28870
29314
30178
31818
32014
32798
36406
36579
38223
4119
41395
43376
43535
44970
45283
5338
6248
6610
7670
8517
13473
14438
156
166
1734
18357
20919
22391
23492
26504
27805
28001
2808
32758
36238
40640
41383
43777
44085
44596
44644
44790
45385
47014
49646
49860
49899
6776
7999
10416
14305
15681
16201
17802
29170
30683
40230
40806
46138
46335
48926
49186
6925
12186
13056
15306
17035
1990
19965
2129
22585
24085
24752
25438
25492
27165
29810
29959
30033
31077
31572
34696
34708
35496
36448
38563
49935
6680
10487
12147
12699
12781
13316
15825
20007
2123
2307
23239
24757
27523
31911
35047
36871
36929
37315
37531
4006
41722
45619
46960
49680
5573
7621
7791
11251
13223
18459
19455
21430
24445
24598
24779
25388
28
29206
32350
33716
338
33917
34760
37261
40260
4182
42361
42517
42650
46332
4820
48306
48952
5526
949
10427
12444
12782
12870
14537
18318
20559
21100
24782
2595
27739
3696
38470
38615
38645
45359
5893
6450
6863
8508
15057
20521
23124
23268
2458
25761
27209
2748
31247
31402
33342
35086
36742
39821
42602
4326
43345
47477
661
6617
16959
18057
20668
21605
22194
23395
27468
29678
34711
37787
37840
40146
4139
41460
41700
43079
44841
48281
48780
8369
10572
10743
159
18994
1908
19602
22262
27577
28428
28795
29342
29984
31153
34341
39475
39834
4198
4451
45180
47668
47671
48893
7247
8834
9896
10894
12913
13451
15326
16027
1665
1765
23577
24080
24280
25361
26312
28634
33733
36013
3881
40205
44246
48147
9529
10632
11625
15830
16150
16574
18518
19972
22480
25349
29119
31900
36253
38322
39915
4036
44678
48028
48295
48575
6870
7026
7896
10995
15491
15563
17272
1787
19911
23913
25318
25822
28355
28384
31721
35518
36009
36243
36373
37546
39004
42122
42642
45335
46767
5061
6144
13254
14530
14794
1755
2107
22883
23087
31011
3160
319
33740
36919
38847
41077
43214
44501
46496
48292
6371
8785
926
9366
11593
11609
11964
15768
16770
16788
16911
16971
17106
17258
19514
22159
25649
29953
31545
32917
35844
35891
38552
39006
42057
42824
43906
4622
47096
47427
49067
49134
10006
10393
10521
11938
12301
13379
14245
14622
16670
20445
20794
21531
22058
22755
24008
25103
27619
2796
29546
30098
31485
32984
33094
33340
33911
34853
35331
3686
37803
379
38443
38993
42974
43836
44134
4484
46725
8793
8857
10628
11144
13186
15009
1567
1668
17330
17855
18680
25330
25578
26984
28108
28181
34932
36466
37784
3909
41662
44001
44173
44637
46222
46325
47032
10821
15760
27441
27735
29179
30053
31218
3573
38767
39199
40416
40970
4130
43029
47081
47153
4727
49766
5665
5765
8198
12468
12883
19495
24487
29593
30997
33863
37527
37993
39664
42383
43423
4390
45975
47082
5128
6525
12474
17341
19534
23611
24213
25144
26104
27466
2924
30327
30759
3437
34547
36283
39386
43416
45477
45580
46306
46791
47048
48119
6125
7701
14841
15649
16924
19240
21613
22460
23949
2482
25826
26765
27174
29639
31574
32266
36541
36669
37259
37426
37910
38346
39054
41268
42019
42697
43044
4657
47423
5233
6595
7829
787
8663
10698
13432
14322
14490
16022
17939
19555
22472
26024
26140
27108
30349
30684
31291
33137
33753
35845
38456
43752
48654
6716
6723
7958
8366
10181
1276
13890
14093
14563
16728
17129
21987
22786
2396
25074
26128
26280
27316
27657
2788
30458
32461
36924
37397
43220
44943
48543
6423
7222
9007
10020
10927
11710
12832
16189
16295
19183
21144
22436
22470
23695
26560
28212
28590
34129
3711
37719
39481
40396
406
42114
43682
44335
44367
44993
47614
4936
9677
13752
1599
1699
19195
2006
22809
23658
24457
24833
26366
28255
37581
39127
49143
6582
6917
8077
11173
11238
11602
13067
19982
20898
21185
22117
2349
24310
29529
30095
30258
31189
31462
31886
33377
33807
34008
35523
36308
3645
36574
3760
38276
39723
40682
41253
41973
42594
4475
46986
47765
48629
48864
48903
11812
11980
14079
1578
17536
18975
21542
23823
23979
24492
24637
25744
2870
32035
33984
35348
37441
39913
40328
43826
45512
49846
544
6621
7187
9607
9841
11239
11277
18401
18950
1948
20625
27812
28141
30305
3234
33679
33993
34565
37751
38442
41603
44915
45329
5517
6436
7064
737
7721
8463
913
1218
14105
19379
19974
20973
21970
22518
24172
2728
28441
29561
29779
30556
3076
32414
3567
3735
37925
37947
39337
4112
41418
42838
48785
49529
5093
7776
9385
9953
11339
16404
18354
19107
19867
19883
20056
21703
24026
25533
26806
27733
30841
32898
32953
34476
34675
35131
37114
37239
42025
43028
44633
4665
48314
49017
49599
6528
6599
832
8457
9722
13399
13533
13805
14410
16121
16268
17480
18709
1917
19199
19734
21873
21975
23766
26205
26376
28855
29737
29952
30351
30989
33366
33367
34302
34559
36776
38680
42701
46250
463
47709
49735
49752
7777
8808
10332
12559
16076
16327
17039
19326
25406
25970
37492
37940
3860
39486
40433
42460
44195
47037
48243
48840
49489
8471
9198
1101
17070
1973
21813
26351
27642
2816
30412
30943
38373
39844
40875
42399
4516
45635
47093
5372
6928
7786
14817
20325
21643
27005
29117
29473
30169
30695
3157
33068
33270
34905
40105
4138
44287
45013
47074
5121
10479
13535
1405
14892
15260
17447
18049
21015
21528
21927
23419
23510
25697
28088
2931
34753
39788
40538
43225
44301
45495
45680
46493
554
11767
16035
16537
16951
18207
19272
22332
27778
29590
35135
35159
39250
39818
41285
42172
47102
47435
48190
48297
49998
5819
7672
9862
1259
14227
15029
16381
16936
17315
18160
20094
2083
21063
22827
2508
34511
35129
36103
38241
38245
38517
39649
39778
42071
42837
44126
44642
46651
4775
49066
4947
6085
6087
7181
7230
9857
11206
11207
11493
16579
18537
19618
23009
29800
30157
32385
33702
35038
35543
39560
40947
41670
46296
46303
4721
47550
49294
49500
583
9925
10564
11006
12744
15799
1678
17844
18003
18416
23947
24433
24784
25619
27455
2782
27894
2958
29846
30465
3329
34748
34839
366
38261
39989
40810
45018
49124
6061
9873
10077
11126
12658
13064
13398
13443
18657
19139
20648
20890
21783
22206
22466
32246
35208
36344
36696
36723
37799
39795
40776
41818
43129
46849
49651
7690
9330
11830
1220
14062
14702
1583
16116
16149
20248
23630
24047
24574
28190
28742
30616
30995
32013
32118
32765
35053
37558
39106
42351
43303
45252
46537
49061
7496
7906
17261
19619
21163
22688
22887
22946
24051
25372
25494
26353
27322
29437
29712
30477
34497
36510
36740
36890
37472
4407
4706
48889
49054
49665
9691
14403
17095
18437
19167
21172
25054
2581
30014
32639
35830
37603
41637
44302
45282
46105
46337
46689
7242
7834
8210
8575
9750
10060
12250
17014
18773
216
22857
24039
27336
27792
28455
30406
33961
34953
35321
35588
35652
44877
45519
47835
5697
7107
8275
8467
11476
13733
15718
17292
17712
22294
24664
26634
26900
287
2895
30192
33353
33789
34324
37575
37764
39693
40749
41164
42281
43662
45415
46339
46474
48059
4891
5500
10233
11809
11969
11984
14441
18647
187
20012
20036
22421
28216
29585
32824
3572
39774
40529
41018
41497
46860
4827
49503
11229
11388
12188
19933
2079
21945
22852
23351
25509
26216
26468
2838
33385
43052
4320
43468
45233
45676
5757
7229
1066
14476
14493
14954
16443
16519
17156
17830
19923
2329
23290
24800
25105
25666
2586
26073
30641
31533
31672
37053
37374
38586
41806
44580
47220
48722
49446
49814
49995
5689
6819
12346
1943
20504
2132
21829
22260
23360
2377
27129
28607
31606
3335
3344
38982
40070
43371
46637
47817
49343
503
6214
6715
8668
14992
16437
16841
18917
19839
22681
23431
24003
26065
26471
26562
27297
2753
28096
31249
33477
36261
36272
37521
39114
40905
41672
45482
46147
47534
6227
10634
11161
12590
1694
17556
18668
19412
22719
24377
27409
28058
28306
31275
31308
38541
39889
40088
40760
42564
45313
45696
46236
48695
4991
5488
8763
9370
9435
11077
13441
14335
20195
21113
22245
24867
25176
25204
29512
30550
3066
30773
33516
34315
35213
38248
43116
43323
46142
46989
48508
49201
5663
8213
9022
9052
9135
10204
11452
12601
13638
1604
17860
2049
21974
28211
28405
31563
33642
33647
34482
3481
38463
41135
45502
4782
47913
8863
10176
1083
12774
13053
15834
17974
19443
22027
22317
22547
22993
26375
29507
29633
30586
32129
3334
34052
35231
36792
37774
39123
39739
4150
44460
46275
46375
47045
8261
8802
12300
14225
1721
17410
1884
19086
2008
20447
25636
26963
27265
27429
28408
29026
30346
34489
38881
38995
40457
42930
43617
43898
47653
6944
8919
9610
10636
11707
14229
15656
20114
23051
27934
3161
3336
3474
35342
3598
37737
46342
48207
49537
49717
6323
8161
11406
12714
15055
16941
21733
23547
26331
26389
28360
29313
31316
32051
35202
41034
42109
42624
46458
6269
76
9406
9861
9899
12274
13632
14587
14991
17845
21936
220
27650
2921
32024
34657
35537
36125
36970
37666
40119
41059
46742
5007
5140
5670
7106
9131
10597
1074
16872
17312
17731
17938
19201
20775
21514
22638
23852
276
29166
29806
33897
34152
36372
42620
4263
43395
45349
4725
6101
6110
6999
11512
11941
12649
15301
1912
20262
21625
22540
26279
28556
30924
32154
34421
35722
3977
40136
4127
43460
44238
45261
46731
48613
5322
5976
985
14407
1561
16683
2084
24851
26679
28383
32130
34230
35029
35699
35837
36219
37503
37750
37937
39299
43106
44912
46355
46857
48153
48481
5924
6384
7565
8195
8774
8964
16797
22845
26904
27554
28921
29772
34121
3775
38010
38324
38328
39470
42468
49021
6491
6732
8311
11579
1466
14689
14880
14943
17846
18150
20409
20830
26750
29469
29884
31310
31313
32069
32696
32861
33817
35444
35686
36132
36263
36318
38553
40908
45494
47476
48746
6536
667
8001
9393
9939
16946
29079
34057
36518
37953
38347
38669
41731
42988
44573
45114
45775
47545
5557
12269
13450
15034
19828
20531
21152
23118
2392
26001
32142
32580
35790
36260
38291
38773
39112
39629
40509
41063
43705
45488
47211
49038
6257
9145
16532
19607
19705
20050
24866
27738
27998
28256
28518
2976
3008
30807
31118
32104
32366
33711
35010
39561
41517
43036
46512
47882
733
8317
8551
12001
12792
19271
20685
22507
24032
26149
31001
31541
31819
33110
36910
38912
41027
41053
41959
44278
45591
47705
5617
7050
8242
17126
1872
18852
20550
23076
23963
27330
3311
33833
34216
38697
39107
40596
42095
44814
46972
47529
48141
48558
4937
4976
5115
7628
7673
9866
